x                 = 0.100000E+01
Sin(x)            = 0.841667E+00
Fortran sin(x)    = 0.841471E+00
Error             = 0.195682E-03

