x              =  0.500000E+00
Cos(x)         =  0.877583E+00
Fortran Cos(x) =  0.877583E+00
Error          =  0.000000E+00

